shape_id,shape_pt_lat,shape_pt_lon,shape_pt_sequence
51_R2S,41.1856559,1.5229805,1
51_R2S,41.1859041,1.5247299,2
51_R2S,41.1881511,1.5413871,3
51_R2S,41.1882743,1.5423607,4
51_R2S,41.1883478,1.5430939,5
51_R2S,41.1884186,1.544124,6
51_R2S,41.1885402,1.5465572,7
51_R2S,41.1886031,1.5485627,8
51_R2S,41.1885255,1.56255,9
51_R2S,41.1885588,1.5645783,10
51_R2S,41.1886569,1.5664019,11
51_R2S,41.189032,1.5705539,12
51_R2S,41.1925096,1.607503,13
51_R2S,41.1943064,1.6267591,14
51_R2S,41.1947944,1.6319124,15
51_R2S,41.1949277,1.6331261,16
51_R2S,41.1950835,1.6342817,17
51_R2S,41.1952382,1.635238,18
51_R2S,41.1954166,1.6362238,19
51_R2S,41.1956268,1.6372469,20
51_R2S,41.2066439,1.6874832,21
51_R2S,41.2073516,1.6907248,22
51_R2S,41.2076482,1.6922044,23
51_R2S,41.2078525,1.6934319,24
51_R2S,41.2080276,1.6947626,25
51_R2S,41.2081497,1.6960346,26
51_R2S,41.2082302,1.6973444,27
51_R2S,41.2082604,1.6983773,28
51_R2S,41.2082644,1.6996859,29
51_R2S,41.2081648,1.7042553,30
51_R2S,41.2081608,1.7050743,31
51_R2S,41.2082083,1.7059254,32
51_R2S,41.2083341,1.7067898,33
51_R2S,41.2085363,1.7076013,34
51_R2S,41.2087274,1.7081613,35
51_R2S,41.2090036,1.7087918,36
51_R2S,41.2093367,1.7094082,37
51_R2S,41.2098359,1.7102078,38
51_R2S,41.2161248,1.7199322,39
51_R2S,41.2167856,1.7210243,40
51_R2S,41.2172788,1.7219373,41
51_R2S,41.2175056,1.722411,42
51_R2S,41.2177032,1.7228743,43
51_R2S,41.2179198,1.723463,44
51_R2S,41.2180825,1.7239706,45
51_R2S,41.2191806,1.7278172,46
51_R2S,41.2196551,1.7296081,47
51_R2S,41.2198059,1.7302405,48
51_R2S,41.2199917,1.7312776,49
51_R2S,41.2200776,1.7321562,50
51_R2S,41.2200979,1.733161,51
51_R2S,41.2200474,1.7340834,52
51_R2S,41.2199646,1.7347821,53
51_R2S,41.2198591,1.7354019,54
51_R2S,41.2189557,1.7396742,55
51_R2S,41.2187423,1.7409127,56
51_R2S,41.2186353,1.7419004,57
51_R2S,41.2185913,1.7426946,58
51_R2S,41.2185902,1.7435933,59
51_R2S,41.2186315,1.7443989,60
51_R2S,41.2187082,1.7451194,61
51_R2S,41.2188641,1.7461493,62
51_R2S,41.2197627,1.7512502,63
51_R2S,41.2199019,1.7522182,64
51_R2S,41.2199955,1.7531464,65
51_R2S,41.2200309,1.7539249,66
51_R2S,41.2200259,1.7547214,67
51_R2S,41.2199847,1.7556799,68
51_R2S,41.2198412,1.7579469,69
51_R2S,41.2198079,1.7590248,70
51_R2S,41.2198115,1.7595081,71
51_R2S,41.2198413,1.7601715,72
51_R2S,41.2199547,1.7612467,73
51_R2S,41.2201596,1.7625011,74
51_R2S,41.2202998,1.7631784,75
51_R2S,41.2204996,1.7640306,76
51_R2S,41.2218106,1.7692562,77
51_R2S,41.2221481,1.7704937,78
51_R2S,41.2225503,1.771824,79
51_R2S,41.2228182,1.7725627,80
51_R2S,41.2231336,1.7732758,81
51_R2S,41.2234358,1.7738542,82
51_R2S,41.2238627,1.7745908,83
51_R2S,41.225527,1.7772829,84
51_R2S,41.2338,1.7903293,85
51_R2S,41.2344258,1.7913761,86
51_R2S,41.2347971,1.7920677,87
51_R2S,41.2351402,1.7927815,88
51_R2S,41.2356278,1.7939298,89
51_R2S,41.238333,1.8008599,90
51_R2S,41.2386467,1.8017543,91
51_R2S,41.2389104,1.8025864,92
51_R2S,41.2391349,1.8034841,93
51_R2S,41.239265,1.8042429,94
51_R2S,41.2393461,1.8049652,95
51_R2S,41.2393921,1.8056411,96
51_R2S,41.2394197,1.806369,97
51_R2S,41.2394194,1.8070082,98
51_R2S,41.2393966,1.8077445,99
51_R2S,41.2393413,1.8085798,100
51_R2S,41.2392035,1.8097262,101
51_R2S,41.2390909,1.8104315,102
51_R2S,41.2389451,1.8112109,103
51_R2S,41.2375901,1.8177131,104
51_R2S,41.2374801,1.8183461,105
51_R2S,41.2374067,1.8190729,106
51_R2S,41.237388,1.8196619,107
51_R2S,41.2374035,1.8203129,108
51_R2S,41.2377299,1.8259285,109
51_R2S,41.2377295,1.8267431,110
51_R2S,41.2376734,1.8274537,111
51_R2S,41.2375971,1.8279501,112
51_R2S,41.2374354,1.8286728,113
51_R2S,41.237133,1.8297145,114
51_R2S,41.2366494,1.8312771,115
51_R2S,41.236367,1.832479,116
51_R2S,41.2362246,1.833003,117
51_R2S,41.2361346,1.8338995,118
51_R2S,41.2360675,1.8352849,119
51_R2S,41.2361041,1.836055,120
51_R2S,41.2359815,1.8423322,121
51_R2S,41.2359875,1.8426147,122
51_R2S,41.2351969,1.8501392,123
51_R2S,41.2359165,1.8550835,124
51_R2S,41.2360891,1.8554248,125
51_R2S,41.2391227,1.8590215,126
51_R2S,41.2395578,1.8595879,127
51_R2S,41.2400038,1.8602377,128
51_R2S,41.2403404,1.8608416,129
51_R2S,41.2406368,1.8614868,130
51_R2S,41.2413285,1.8631907,131
51_R2S,41.2430832,1.8676929,132
51_R2S,41.2433324,1.8686719,133
51_R2S,41.2434634,1.8693523,134
51_R2S,41.2436001,1.870269,135
51_R2S,41.2438871,1.8726806,136
51_R2S,41.2440401,1.8734571,137
51_R2S,41.244305,1.8745254,138
51_R2S,41.2452985,1.8778246,139
51_R2S,41.2456494,1.8788677,140
51_R2S,41.2458683,1.8794171,141
51_R2S,41.2474,1.8830269,142
51_R2S,41.2475778,1.8835002,143
51_R2S,41.2476462,1.8837313,144
51_R2S,41.2477486,1.8842225,145
51_R2S,41.2483842,1.8888207,146
51_R2S,41.2485632,1.8896771,147
51_R2S,41.2488103,1.8905313,148
51_R2S,41.2490423,1.8911803,149
51_R2S,41.2516812,1.8977023,150
51_R2S,41.2518478,1.8980732,151
51_R2S,41.2521511,1.898685,152
51_R2S,41.2546501,1.903218,153
51_R2S,41.2548545,1.9037027,154
51_R2S,41.2551801,1.9047996,155
51_R2S,41.255272,1.9052157,156
51_R2S,41.255697,1.908098,157
51_R2S,41.2560693,1.9108477,158
51_R2S,41.2561531,1.9113756,159
51_R2S,41.2598209,1.9207483,160
51_R2S,41.2600075,1.9210532,161
51_R2S,41.2604601,1.9218623,162
51_R2S,41.260771,1.9225579,163
51_R2S,41.2609714,1.9231777,164
51_R2S,41.262127,1.9280064,165
51_R2S,41.262356,1.9288001,166
51_R2S,41.2626022,1.9297465,167
51_R2S,41.2636641,1.9329779,168
51_R2S,41.2640172,1.9341281,169
51_R2S,41.2643236,1.9353123,170
51_R2S,41.2645141,1.936258,171
51_R2S,41.2646743,1.9372909,172
51_R2S,41.2647829,1.9381292,173
51_R2S,41.2669541,1.9561928,174
51_R2S,41.2675647,1.9615228,175
51_R2S,41.2676674,1.9621967,176
51_R2S,41.2678352,1.963056,177
51_R2S,41.2681353,1.9642044,178
51_R2S,41.2683732,1.9649199,179
51_R2S,41.2687007,1.9657751,180
51_R2S,41.2689679,1.9663985,181
51_R2S,41.2692549,1.9669957,182
51_R2S,41.2695538,1.9675575,183
51_R2S,41.2699381,1.9681993,184
51_R2S,41.2702962,1.9687332,185
51_R2S,41.2706697,1.96924,186
51_R2S,41.2731849,1.9723957,187
51_R2S,41.2751999,1.974894,188
51_R2S,41.2769489,1.9771021,189
51_R2S,41.300269,2.0062112,190
51_R2S,41.3007493,2.006839,191
51_R2S,41.3014525,2.0078009,192
51_R2S,41.3020398,2.0086522,193
51_R2S,41.3023121,2.0090762,194
51_R2S,41.3029203,2.0101003,195
51_R2S,41.303294,2.0108031,196
51_R2S,41.3036598,2.0115531,197
51_R2S,41.3038933,2.01207,198
51_R2S,41.3042191,2.0128588,199
51_R2S,41.304816,2.0144851,200
51_R2S,41.3125951,2.0369915,201
51_R2S,41.3260906,2.0761792,202
51_R2S,41.3268295,2.0782383,203
51_R2S,41.3279608,2.081497,204
51_R2S,41.3282659,2.0826612,205
51_R2S,41.328622,2.0837648,206
51_R2S,41.3317416,2.092746,207
51_R2S,41.3327122,2.0954508,208
51_R2S,41.3336288,2.0980896,209
51_R2S,41.3357444,2.1043141,210
51_R2S,41.3366963,2.1072071,211
51_R2S,41.338111,2.1111475,212
51_R2S,41.3383771,2.1117713,213
51_R2S,41.3386168,2.1122186,214
51_R2S,41.338849,2.1125753,215
51_R2S,41.3391037,2.1129038,216
51_R2S,41.339379,2.1132014,217
51_R2S,41.3396728,2.1134662,218
51_R2S,41.3399829,2.1136961,219
51_R2S,41.3403069,2.1138891,220
51_R2S,41.3407764,2.1140907,221
51_R2S,41.3409997,2.1141629,222
51_R2S,41.3413194,2.1142354,223
51_R2S,41.3418386,2.1143119,224
51_R2S,41.3473872,2.1149524,225
51_R2S,41.3490565,2.1151754,226
51_R2S,41.3502455,2.1152835,227
51_R2S,41.351899,2.1154056,228
51_R2S,41.3563181,2.1158369,229
51_R2S,41.3590704,2.1160236,230
51_R2S,41.360693,2.1161642,231
51_R2S,41.3623119,2.1163254,232
51_R2S,41.3645708,2.1165892,233
51_R2S,41.3652088,2.1167024,234
51_R2S,41.3654597,2.1167738,235
51_R2S,41.3657152,2.1168706,236
51_R2S,41.365929,2.1169752,237
51_R2S,41.3661767,2.1171274,238
51_R2S,41.3664135,2.1173078,239
51_R2S,41.3666376,2.1175147,240
51_R2S,41.3668471,2.1177469,241
51_R2S,41.3670407,2.1180023,242
51_R2S,41.3672168,2.1182793,243
51_R2S,41.3673764,2.1185806,244
51_R2S,41.3676088,2.1191537,245
51_R2S,41.3677797,2.119758,246
51_R2S,41.367914,2.1204956,247
51_R2S,41.3679952,2.1213251,248
51_R2S,41.368006,2.1215173,249
51_R2S,41.3679614,2.1230707,250
51_R2S,41.3679763,2.1240486,251
51_R2S,41.3680348,2.1247969,252
51_R2S,41.368164,2.125703,253
51_R2S,41.3682758,2.1262494,254
51_R2S,41.3684111,2.1268039,255
51_R2S,41.3687496,2.1279707,256
51_R2S,41.3690079,2.1286316,257
51_R2S,41.3692369,2.1290937,258
51_R2S,41.3694746,2.1295215,259
51_R2S,41.3697666,2.1299917,260
51_R2S,41.3700139,2.1303378,261
51_R2S,41.3703856,2.1308159,262
51_R2S,41.3708145,2.1312937,263
51_R2S,41.3713824,2.1318443,264
51_R2S,41.3721706,2.1325708,265
51_R2S,41.3746349,2.134787,266
51_R2S,41.3751477,2.1352926,267
51_R2S,41.3757407,2.1359153,268
51_R2S,41.3763393,2.1365907,269
51_R2S,41.376906,2.137277,270
51_R2S,41.3774461,2.1379781,271
51_R2S,41.3779776,2.1387288,272
51_R2S,41.3792675,2.1407806,273
51_R2S,41.3796082,2.1413874,274
51_R2S,41.3800152,2.1422091,275
51_R2S,41.3860378,2.1562102,276
51_R2S,41.386288,2.1567341,277
51_R2S,41.3867088,2.1574858,278
51_R2S,41.3871361,2.1581244,279
51_R2S,41.4001428,2.1754981,280
51_R2S,41.4003216,2.1757561,281
51_R2S,41.4004912,2.1760477,282
51_R2S,41.4007193,2.1765487,283
51_R2S,41.4009038,2.1771327,284
51_R2S,41.4025692,2.1838353,285
51_R2S,41.4026045,2.1840683,286
51_R2S,41.4026326,2.1845278,287
51_R2S,41.402602,2.1850463,288
51_R2S,41.4024939,2.185568,289
51_R2S,41.4024159,2.1858136,290
51_R2S,41.4023071,2.1860814,291
51_R2S,41.4021758,2.1863372,292
51_R2S,41.4019207,2.1867116,293
51_R2S,41.4016681,2.1869791,294
51_R2S,41.4006271,2.1869812,295
51_R2S,41.3999393,2.1870778,296
51_R2S,41.3995172,2.187217,297
51_R2S,41.3983765,2.1874923,298
51_R2S,41.3976994,2.1877769,299
51_R2S,41.3972715,2.1880148,300
51_R2S,41.3965275,2.1885059,301
51_R2S,41.396067,2.1888393,302
51_R2S,41.3957185,2.1891183,303
51_R2S,41.3953881,2.1894178,304
51_R2S,41.3947981,2.1900953,305
51_R2S,41.394351,2.1907112,306
51_R2S,41.3939868,2.1911788,307
51_R2S,41.3937013,2.1914882,308
51_R2S,41.393483,2.1916862,309
51_R2S,41.3931955,2.191919,310
51_R2S,41.3928721,2.1921417,311
51_R2S,41.3921619,2.1925256,312
51_R2S,41.3918118,2.1927421,313
51_R2S,41.3914754,2.1929743,314
51_R2S,41.3906125,2.1937198,315
51_R2S,41.3901901,2.1940021,316
51_R2S,41.3897989,2.1941916,317
51_R2S,41.3893444,2.1943355,318
51_R2S,41.3889076,2.1944026,319
51_R2S,41.3886616,2.1944108,320
51_R2S,41.3882445,2.1943767,321
51_R2S,41.3879979,2.1943275,322
51_R2S,41.3877659,2.194261,323
51_R2S,41.3873137,2.1940713,324
51_R2S,41.3871043,2.1939545,325
51_R2S,41.3867167,2.1936832,326
51_R2S,41.3863248,2.1933235,327
51_R2S,41.3861286,2.1931037,328
51_R2S,41.3858205,2.1926977,329
51_R2S,41.3851405,2.1916312,330
51_R2S,41.3846776,2.1907032,331
51_R2S,41.3840403,2.1893704,332
51_R2S,41.3835297,2.1882429,333
51_R2S,41.3834027,2.1878546,334
51_R2S,41.3833512,2.1875789,335
51_R2S,41.3833268,2.1873077,336
51_R2S,41.3833489,2.1867513,337
51_R2S,41.3834018,2.1864636,338
51_R7,41.4970345,2.1151484,1
51_R7,41.4976079,2.1157414,2
51_R7,41.4984096,2.1165112,3
51_R7,41.4989152,2.1170866,4
51_R7,41.4995115,2.1178149,5
51_R7,41.5002462,2.1188076,6
51_R7,41.5006929,2.1194734,7
51_R7,41.5011174,2.1201565,8
51_R7,41.5015594,2.1209265,9
51_R7,41.5019897,2.1217463,10
51_R7,41.5024311,2.1226367,11
51_R7,41.5045931,2.1270822,12
51_R7,41.5048717,2.1277075,13
51_R7,41.5050079,2.1281693,14
51_R7,41.5050825,2.1286584,15
51_R7,41.5050934,2.1291275,16
51_R7,41.5050381,2.1296433,17
51_R7,41.5049234,2.1301067,18
51_R7,41.504793,2.1304482,19
51_R7,41.5045823,2.1308663,20
51_R7,41.5043551,2.1312335,21
51_R7,41.5037049,2.1321897,22
51_R7,41.5030243,2.133243,23
51_R7,41.4972421,2.1415374,24
51_R7,41.4962995,2.1427965,25
51_R7,41.4932661,2.1466968,26
51_R7,41.4837145,2.1591336,27
51_R7,41.4826735,2.1604706,28
51_R7,41.482413,2.1608299,29
51_R7,41.4821335,2.1612734,30
51_R7,41.4819706,2.1615851,31
51_R7,41.4817564,2.1620844,32
51_R7,41.481588,2.1625699,33
51_R7,41.4814195,2.1631646,34
51_R7,41.4812607,2.1639154,35
51_R7,41.4811867,2.1644211,36
51_R7,41.4811244,2.1652757,37
51_R7,41.4811217,2.1657482,38
51_R7,41.4811621,2.1664365,39
51_R7,41.4812514,2.1671553,40
51_R7,41.4824621,2.1745803,41
51_R7,41.4827374,2.1760277,42
51_R7,41.482966,2.1769266,43
51_R7,41.4832133,2.1777003,44
51_R7,41.4834869,2.1783936,45
51_R7,41.4841625,2.1799443,46
51_R7,41.4843962,2.1805712,47
51_R7,41.484525,2.1810155,48
51_R7,41.4846257,2.1814511,49
51_R7,41.4847142,2.1819429,50
51_R7,41.4847787,2.1824406,51
51_R7,41.4848111,2.1829342,52
51_R7,41.4847972,2.1834019,53
51_R7,41.4847519,2.1837644,54
51_R7,41.484643,2.1842237,55
51_R7,41.4844845,2.1846607,56
51_R7,41.4842799,2.1850696,57
51_R7,41.4840468,2.1854311,58
51_R7,41.4838448,2.1856842,59
51_R7,41.4835168,2.1859842,60
51_R7,41.4831916,2.1861974,61
51_R7,41.4830513,2.1862701,62
51_R7,41.4829084,2.186322,63
51_R7,41.4825434,2.1864132,64
51_R7,41.4823163,2.1864315,65
51_R7,41.4821226,2.1864208,66
51_R7,41.4809841,2.1862078,67
51_R7,41.4806483,2.1861809,68
51_R7,41.4804205,2.1861881,69
51_R7,41.4801203,2.1862147,70
51_R7,41.4798863,2.1862546,71
51_R7,41.478575,2.1865711,72
51_R7,41.478022,2.1866298,73
51_R7,41.4774474,2.1866171,74
51_R7,41.4769222,2.1865356,75
51_R7,41.4766186,2.1864559,76
51_R7,41.4763171,2.1863526,77
51_R7,41.4760042,2.1862151,78
51_R7,41.4757534,2.186085,79
51_R7,41.4754648,2.1860755,80
51_R7,41.4753674,2.1860491,81
51_R7,41.4751259,2.185912,82
51_R7,41.4747837,2.1856612,83
51_R7,41.4745263,2.1854417,84
51_R7,41.4743084,2.1852049,85
51_R7,41.4733517,2.1837797,86
51_R7,41.4726403,2.1826629,87
51_R7,41.4720817,2.1818807,88
51_R7,41.471678,2.18136,89
51_R7,41.4712956,2.1809097,90
51_R7,41.4706751,2.1802864,91
51_R7,41.4699436,2.1796442,92
51_R7,41.4695153,2.1793322,93
51_R7,41.4687523,2.1788357,94
51_R7,41.4678286,2.1784961,95
51_R7,41.4675488,2.178423,96
51_R7,41.4669533,2.178306,97
51_R7,41.466467,2.1783333,98
51_R7,41.4662385,2.1783731,99
51_R7,41.465934,2.178454,100
51_R7,41.4635264,2.1793893,101
51_R7,41.4629661,2.1796375,102
51_R7,41.4625377,2.1798677,103
51_R7,41.4620927,2.1801473,104
51_R7,41.4616728,2.1804463,105
51_R7,41.4612971,2.1807441,106
51_R7,41.4608625,2.1811353,107
51_R7,41.4604343,2.1815714,108
51_R7,41.4600272,2.1820408,109
51_R7,41.4594433,2.1828127,110
51_R7,41.4568278,2.1864242,111
51_R7,41.4565622,2.1867671,112
51_R7,41.4562034,2.187169,113
51_R7,41.4558963,2.1874532,114
51_R7,41.4557011,2.1876102,115
51_R7,41.4554463,2.1877925,116
51_R7,41.455096,2.1880051,117
51_R7,41.4548122,2.1881455,118
51_R7,41.4545063,2.1882715,119
51_R7,41.4541405,2.18838,120
51_R7,41.4538364,2.1884427,121
51_R7,41.4524624,2.1885992,122
51_R7,41.4520271,2.18863,123
51_R7,41.4516958,2.1886352,124
51_R7,41.4512148,2.1886052,125
51_R7,41.4507582,2.1885522,126
51_R7,41.4501305,2.1884057,127
51_R7,41.4332203,2.1829322,128
51_R7,41.432743,2.1828207,129
51_R7,41.4324926,2.182785,130
51_R7,41.4319981,2.1827594,131
51_R7,41.4315093,2.1827925,132
51_R7,41.4312718,2.1828297,133
51_R7,41.4309188,2.1829133,134
51_R3,41.3636149,2.102185,1
51_R3,41.3638169,2.1030157,2
51_R3,41.363971,2.1034918,3
51_R3,41.3641982,2.1038642,4
51_R3,41.3644149,2.1041709,5
51_R3,41.3649097,2.1051278,6
51_R3,41.365205,2.1059797,7
51_R3,41.3653484,2.1073075,8
51_R3,41.365448,2.1079604,9
51_R3,41.3656603,2.1090505,10
51_R3,41.3658403,2.1097966,11
51_R3,41.3660681,2.1105923,12
51_R3,41.3662736,2.1112187,13
51_R3,41.3675388,2.1148216,14
51_R3,41.3678037,2.1157198,15
51_R3,41.3679378,2.1163169,16
51_R3,41.3680876,2.1172315,17
51_R3,41.368155,2.1182043,18
51_R3,41.3681578,2.1188623,19
51_R3,41.3680403,2.1232041,20
10_C1,40.4709919,-3.6825814,1
10_C1,40.4710447,-3.6825597,2
10_C1,40.4714835,-3.6823792,3
10_C1,40.4723839,-3.6820088,4
10_C1,40.4744882,-3.6811371,5
10_C1,40.47594,-3.6805503,6
10_C1,40.4764072,-3.6803578,7
10_C1,40.4768805,-3.6801628,8
10_C1,40.4803127,-3.6787289,9
10_C1,40.4807626,-3.6784717,10
10_C1,40.4814167,-3.678068,11
10_C1,40.4825952,-3.6772846,12
10_C1,40.4828976,-3.6771362,13
10_C1,40.4842907,-3.676554,14
10_C1,40.484777,-3.676331,15
10_C1,40.4850282,-3.676179,16
10_C1,40.4853208,-3.6759438,17
10_C1,40.4856189,-3.675664,18
10_C1,40.4858994,-3.6753725,19
10_C1,40.4863658,-3.6748259,20
