shape_id,shape_pt_lat,shape_pt_lon,shape_pt_sequence
20_C2,43.2871409,-5.6448466,1
20_C2,43.2871382,-5.6448669,2
20_C2,43.2871203,-5.6450021,3
20_C2,43.2871063,-5.6451038,4
20_C2,43.2870971,-5.6451897,5
20_C2,43.2870839,-5.6452774,6
20_C2,43.2870724,-5.6453647,7
20_C2,43.2870493,-5.6455398,8
20_C2,43.2870359,-5.6456514,9
20_C2,43.2870179,-5.6458059,10
20_C2,43.2869988,-5.6459284,11
20_C2,43.286985,-5.6460269,12
20_C2,43.2869836,-5.6460369,13
20_C2,43.2869662,-5.6461673,14
20_C2,43.2869495,-5.6462925,15
20_C2,43.2869402,-5.6464166,16
20_C2,43.2868899,-5.6467389,17
20_C2,43.2867875,-5.647561,18
20_C2,43.2867844,-5.6475868,19
20_C2,43.2866391,-5.6487154,20
20_C2,43.2866153,-5.6489251,21
20_C2,43.2865225,-5.6495891,22
20_C2,43.2864564,-5.6500719,23
20_C2,43.2864478,-5.6501328,24
20_C2,43.2864013,-5.6504651,25
20_C2,43.2863723,-5.6507091,26
20_C2,43.2863643,-5.6507803,27
20_C2,43.2863636,-5.6507882,28
20_C2,43.2863609,-5.6508172,29
20_C2,43.2863511,-5.6509227,30
20_C2,43.2863498,-5.6509386,31
20_C2,43.2863487,-5.6509546,32
20_C2,43.2863458,-5.6509939,33
20_C2,43.2863406,-5.6510652,34
20_C2,43.2863371,-5.6511378,35
20_C2,43.2863337,-5.6512091,36
20_C2,43.2863311,-5.6512805,37
20_C2,43.2863294,-5.6513519,38
20_C2,43.2863286,-5.6514246,39
20_C2,43.2863288,-5.6514961,40
20_C2,43.2863289,-5.6515676,41
20_C2,43.2863309,-5.6516391,42
20_C2,43.2863328,-5.651712,43
20_C2,43.2863356,-5.6517836,44
20_C2,43.2863394,-5.6518552,45
20_C2,43.286344,-5.6519269,46
20_C2,43.2863496,-5.6519974,47
20_C2,43.2863551,-5.6520691,48
20_C2,43.2863616,-5.6521397,49
20_C2,43.2863698,-5.6522115,50
20_C2,43.2863743,-5.6522524,51
20_C2,43.2863781,-5.6522821,52
20_C2,43.2863873,-5.6523528,53
20_C2,43.2863964,-5.6524234,54
20_C2,43.2864074,-5.6524942,55
20_C2,43.2864184,-5.6525637,56
20_C2,43.2864446,-5.6527139,57
20_C2,43.2864612,-5.6528145,58
20_C2,43.2865176,-5.6531386,59
20_C2,43.28652,-5.6531523,60
20_C2,43.2865469,-5.6533088,61
20_C2,43.2865634,-5.6533773,62
20_C2,43.2865807,-5.6534458,63
20_C2,43.286598,-5.6535131,64
20_C2,43.2866172,-5.6535805,65
20_C2,43.2866363,-5.6536479,66
20_C2,43.2866555,-5.6537141,67
20_C2,43.2866755,-5.6537815,68
20_C2,43.2866974,-5.6538466,69
20_C2,43.2867184,-5.6539128,70
20_C2,43.2867412,-5.6539779,71
20_C2,43.286764,-5.654043,72
20_C2,43.2867877,-5.6541069,73
20_C2,43.2868115,-5.6541708,74
20_C2,43.2868361,-5.6542347,75
20_C2,43.2868617,-5.6542974,76
20_C2,43.2868872,-5.6543602,77
20_C2,43.2869146,-5.654423,78
20_C2,43.2869411,-5.6544845,79
20_C2,43.2869693,-5.6545462,80
20_C2,43.2869976,-5.6546066,81
20_C2,43.2870269,-5.654667,82
20_C2,43.2870561,-5.6547262,83
20_C2,43.2870862,-5.6547854,84
20_C2,43.2871173,-5.6548435,85
20_C2,43.2871484,-5.6549015,86
20_C2,43.2871804,-5.6549584,87
20_C2,43.2875796,-5.6556389,88
20_C2,43.2878439,-5.6560855,89
20_C2,43.2880118,-5.6563751,90
20_C2,43.288133,-5.6566626,91
20_C2,43.2882704,-5.657068,92
20_C2,43.2883005,-5.6571675,93
20_C2,43.288364,-5.6573777,94
20_C2,43.2884143,-5.6576166,95
20_C2,43.2884175,-5.6576327,96
20_C2,43.2884662,-5.6579418,97
20_C2,43.2885044,-5.6582701,98
20_C2,43.288512,-5.6583308,99
20_C2,43.2886165,-5.659335,100
20_C2,43.2886618,-5.6597881,101
20_C2,43.2887502,-5.6606708,102
20_C2,43.2887601,-5.6607895,103
20_C2,43.2888672,-5.6621176,104
20_C2,43.2889285,-5.6628775,105
20_C2,43.2890091,-5.6639768,106
20_C2,43.2891009,-5.6652159,107
20_C2,43.2891905,-5.6664302,108
20_C2,43.2892691,-5.6675011,109
20_C2,43.2892855,-5.6677362,110
20_C2,43.2893207,-5.6682378,111
20_C2,43.2893251,-5.668301,112
20_C2,43.2893375,-5.6685419,113
20_C2,43.2893472,-5.6686961,114
20_C2,43.2893478,-5.6687064,115
20_C2,43.2893713,-5.6690785,116
20_C2,43.2893769,-5.6691674,117
20_C2,43.289438,-5.6697135,118
20_C2,43.2894714,-5.6702094,119
20_C2,43.2895253,-5.6708724,120
20_C2,43.2895372,-5.6710894,121
20_C2,43.2895404,-5.6711479,122
20_C2,43.289543,-5.6711912,123
20_C2,43.2895456,-5.6712357,124
20_C2,43.2895475,-5.6712678,125
20_C2,43.2895736,-5.6715639,126
20_C2,43.2895967,-5.6718727,127
20_C2,43.2896136,-5.6720893,128
20_C2,43.2896224,-5.6722028,129
20_C2,43.2896283,-5.6722775,130
20_C2,43.2896413,-5.672444,131
20_C2,43.2897094,-5.6731215,132
20_C2,43.2898151,-5.6737954,133
20_C2,43.2898809,-5.674089,134
20_C2,43.2898965,-5.6741589,135
20_C2,43.2899767,-5.6745168,136
20_C2,43.2899915,-5.6745792,137
20_C2,43.2900563,-5.6748242,138
20_C2,43.2902234,-5.6753607,139
20_C2,43.2903256,-5.6756568,140
20_C2,43.2904409,-5.675978,141
20_C2,43.2904653,-5.6760447,142
20_C2,43.2907414,-5.6767906,143
20_C2,43.2910001,-5.6774795,144
20_C2,43.291762,-5.6795259,145
20_C2,43.2918505,-5.6797636,146
20_C2,43.2920442,-5.6802835,147
20_C2,43.2920749,-5.6803661,148
20_C2,43.2924326,-5.6813264,149
20_C2,43.2927023,-5.681985,150
20_C2,43.2928758,-5.6824448,151
20_C2,43.2929161,-5.6825292,152
20_C2,43.2931089,-5.6828718,153
20_C2,43.2931167,-5.6828857,154
20_C2,43.2932454,-5.6831144,155
20_C2,43.2938888,-5.6840155,156
20_C2,43.294119,-5.6842968,157
20_C2,43.294336,-5.6845134,158
20_C2,43.2943434,-5.6845207,159
20_C2,43.2945555,-5.6847061,160
20_C2,43.2948622,-5.684971,161
20_C2,43.2950176,-5.6851006,162
20_C2,43.2951617,-5.6852142,163
20_C2,43.2960513,-5.6859151,164
20_C2,43.2960572,-5.6859198,165
20_C2,43.2965506,-5.6863084,166
20_C2,43.2965921,-5.6863423,167
20_C2,43.2967035,-5.6864298,168
20_C2,43.2976667,-5.6871663,169
20_C2,43.2980609,-5.6875,170
20_C2,43.2981752,-5.6875968,171
20_C2,43.2983535,-5.6877489,172
20_C2,43.2984113,-5.6877823,173
20_C2,43.2984753,-5.6878184,174
20_C2,43.2986722,-5.6879816,175
20_C2,43.2991509,-5.6883782,176
20_C2,43.2992277,-5.688442,177
20_C2,43.2994848,-5.6886543,178
20_C2,43.2995602,-5.6887033,179
20_C2,43.2996444,-5.6887575,180
20_C2,43.2998235,-5.6888833,181
20_C2,43.2999124,-5.6889641,182
20_C2,43.299938,-5.6889838,183
20_C2,43.2999672,-5.689006,184
20_C2,43.3001953,-5.6891837,185
20_C2,43.3003855,-5.6893314,186
20_C2,43.3004792,-5.6894058,187
20_C2,43.3004854,-5.6894098,188
20_C2,43.3004918,-5.6894142,189
20_C2,43.3006077,-5.6894929,190
20_C2,43.3007176,-5.6895668,191
20_C2,43.3007414,-5.6895863,192
20_C2,43.3007652,-5.6896071,193
20_C2,43.3007891,-5.6896254,194
20_C2,43.3008129,-5.6896474,195
20_C2,43.3010761,-5.6898649,196
20_C2,43.3015832,-5.6902805,197
20_C2,43.3020185,-5.6906098,198
20_C2,43.3021043,-5.6906746,199
20_C2,43.3026245,-5.6911057,200
20_C2,43.3032115,-5.6915643,201
20_C2,43.3032671,-5.6916112,202
20_C2,43.3038614,-5.6921084,203
20_C2,43.3039223,-5.6921592,204
20_C2,43.3042638,-5.6924184,205
20_C2,43.3045589,-5.6927174,206
20_C2,43.3047934,-5.6929411,207
20_C2,43.3049612,-5.6931053,208
20_C2,43.3057091,-5.6939814,209
20_C2,43.3057292,-5.6940045,210
20_C2,43.3061614,-5.6945415,211
20_C2,43.306232,-5.6946323,212
20_C2,43.3063667,-5.6948058,213
20_C2,43.3065371,-5.6950254,214
20_C2,43.3076165,-5.6964873,215
20_C2,43.3076366,-5.6965129,216
20_C2,43.3076557,-5.6965396,217
20_C2,43.3076776,-5.6965665,218
20_C2,43.3076985,-5.6965957,219
20_C2,43.3077186,-5.6966238,220
20_C2,43.3077396,-5.6966506,221
20_C2,43.3077596,-5.6966774,222
20_C2,43.3077675,-5.6966888,223
20_C2,43.3077998,-5.6967309,224
20_C2,43.3078451,-5.696797,225
20_C2,43.3078591,-5.6968112,226
20_C2,43.3079173,-5.6969026,227
