shape_id,shape_pt_lat,shape_pt_lon,shape_pt_sequence,shape_dist_traveled
1,41.3922166,2.1431375,1,0.000
1,41.3920697,2.1425639,2,50.653
1,41.3920201,2.1423667,3,68.044
1,41.3920061,2.1423186,4,72.352
1,41.3919699,2.1421972,5,83.264
1,41.3919472,2.1421224,6,90.007
1,41.3919227,2.1420390,7,97.492
1,41.3918953,2.1419431,8,106.068
1,41.3918749,2.1418668,9,112.841
1,41.3918515,2.1417742,10,121.007
1,41.3918416,2.1417366,11,124.333
1,41.3917034,2.1411920,12,172.384
1,41.3916390,2.1409391,13,194.706
1,41.3915036,2.1404067,14,241.688
1,41.3914239,2.1400877,15,269.784
1,41.3913272,2.1397005,16,303.894
1,41.3912074,2.1392370,17,344.863
1,41.3910750,2.1387248,18,390.137
1,41.3909896,2.1383869,19,419.941
1,41.3909360,2.1381746,20,438.661
1,41.3907722,2.1375365,21,495.020
1,41.3906967,2.1372423,22,521.014
1,41.3905542,2.1366865,23,570.099
1,41.3905133,2.1365270,24,584.186
1,41.3903737,2.1359826,25,632.271
1,41.3903364,2.1358364,26,645.178
1,41.3901192,2.1349860,27,720.257
1,41.3899021,2.1341355,28,795.337
1,41.3898690,2.1340061,29,806.765
1,41.3896863,2.1332845,30,870.418
1,41.3896597,2.1331796,31,879.669
1,41.3894712,2.1324331,32,945.498
1,41.3894199,2.1322297,33,963.435
1,41.3893538,2.1319674,34,986.562
1,41.3892568,2.1315815,35,1020.580
1,41.3892352,2.1314957,36,1028.142
1,41.3890408,2.1307305,37,1095.661
1,41.3888246,2.1298797,38,1170.742
1,41.3888156,2.1298443,39,1173.860
1,41.3886098,2.1290282,40,1245.824
1,41.3885889,2.1289455,41,1253.115
1,41.3884512,2.1284013,42,1301.118
1,41.3883942,2.1281771,43,1320.906
1,41.3882260,2.1275158,44,1379.258
1,41.3881783,2.1273260,45,1395.989
1,41.3880466,2.1268018,46,1442.197
1,41.3879714,2.1265046,47,1468.408
1,41.3879637,2.1264745,48,1471.072
1,41.3877483,2.1256232,49,1546.154
1,41.3876752,2.1253346,50,1571.615
1,41.3875331,2.1247719,51,1621.238
1,41.3873540,2.1240638,52,1683.697
1,41.3873084,2.1238834,53,1699.610
1,41.3872658,2.1237150,54,1714.462
1,41.3871375,2.1232130,55,1758.780
1,41.3870826,2.1229978,56,1777.783
1,41.3869197,2.1223629,57,1833.863
1,41.3868771,2.1221970,58,1848.521
1,41.3867274,2.1216095,59,1900.376
1,41.3867026,2.1215124,60,1908.947
1,41.3866231,2.1212005,61,1936.481
1,41.3864862,2.1206617,62,1984.031
1,41.3863965,2.1203088,63,2015.173
1,41.3862710,2.1198104,64,2059.116
1,41.3861520,2.1193381,65,2100.758
1,41.3860557,2.1189591,66,2134.201
1,41.3859323,2.1184732,67,2177.076
1,41.3858396,2.1181082,68,2209.286
1,41.3858360,2.1180941,69,2210.532
1,41.3856235,2.1172573,70,2284.371
1,41.3855418,2.1169355,71,2312.767
1,41.3854302,2.1164923,72,2351.838
1,41.3854083,2.1164060,73,2359.457
1,41.3851924,2.1155550,74,2434.542
1,41.3851189,2.1152604,75,2460.493
1,41.3850097,2.1148352,76,2498.048
1,41.3849538,2.1146127,77,2517.665
1,41.3849434,2.1145742,78,2521.087
1,41.3849251,2.1145235,79,2525.785
1,41.3849048,2.1144718,80,2530.656
1,41.3848832,2.1144341,81,2534.621
1,41.3848772,2.1144260,82,2535.569
1,41.3848618,2.1144052,83,2538.009
1,41.3848398,2.1143815,84,2541.156
1,41.3848158,2.1143566,85,2544.542
1,41.3847711,2.1143261,86,2550.121
1,41.3847229,2.1143076,87,2555.691
1,41.3846876,2.1143011,88,2559.644
1,41.3846489,2.1143000,89,2563.946
1,41.3846143,2.1143065,90,2567.828
1,41.3845505,2.1143310,91,2575.193
1,41.3845269,2.1143406,92,2577.941
1,41.3842736,2.1144543,93,2607.623
1,41.3842496,2.1144651,94,2610.436
1,41.3840686,2.1145463,95,2631.645
1,41.3839554,2.1145948,96,2644.851
1,41.3836843,2.1147180,97,2676.667
1,41.3836106,2.1147509,98,2685.296
1,41.3834955,2.1148024,99,2698.783
1,41.3832075,2.1149321,100,2732.542
1,41.3831035,2.1149770,101,2744.690
1,41.3829718,2.1150372,102,2760.157
1,41.3828855,2.1150765,103,2770.282
1,41.3826988,2.1151630,104,2792.242
1,41.3825015,2.1152512,105,2815.347
1,41.3823766,2.1153056,106,2829.948
1,41.3823365,2.1153238,107,2834.646
1,41.3823333,2.1153252,108,2835.018
1,41.3822524,2.1153599,109,2844.465
1,41.3822047,2.1153797,110,2850.012
1,41.3821112,2.1154045,111,2860.591
1,41.3820588,2.1154073,112,2866.414
1,41.3820184,2.1154067,113,2870.908
1,41.3819682,2.1153988,114,2876.514
1,41.3819197,2.1153852,115,2882.022
1,41.3818510,2.1153590,116,2889.952
1,41.3817247,2.1152982,117,2904.874
1,41.3816822,2.1152785,118,2909.870
1,41.3813748,2.1151355,119,2946.037
1,41.3810462,2.1149808,120,2984.735
1,41.3809696,2.1149447,121,2993.767
1,41.3808411,2.1148835,122,3008.923
1,41.3807498,2.1148367,123,3019.789
1,41.3807452,2.1148343,124,3020.337
1,41.3806453,2.1147804,125,3032.313
1,41.3805945,2.1147503,126,3038.488
1,41.3804973,2.1146897,127,3050.406
1,41.3804229,2.1146412,128,3059.611
1,41.3804200,2.1146394,129,3059.962
1,41.3803635,2.1146024,130,3066.956
1,41.3802739,2.1145331,131,3078.467
1,41.3802049,2.1144778,132,3087.418
1,41.3801488,2.1144318,133,3094.743
1,41.3800831,2.1143638,134,3103.986
1,41.3800055,2.1142811,135,3115.038
1,41.3799496,2.1142182,136,3123.172
1,41.3798939,2.1141538,137,3131.372
1,41.3798733,2.1141275,138,3134.541
1,41.3798252,2.1140659,139,3141.966
1,41.3797714,2.1139909,140,3150.628
1,41.3796960,2.1138815,141,3163.026
1,41.3796384,2.1137925,142,3172.841
1,41.3795685,2.1136713,143,3185.602
1,41.3794661,2.1134826,144,3205.052
1,41.3794440,2.1134376,145,3209.546
1,41.3793772,2.1133022,146,3223.079
1,41.3792822,2.1131130,147,3242.099
1,41.3792260,2.1130122,148,3252.580
1,41.3791814,2.1129496,149,3259.787
1,41.3791340,2.1128912,150,3266.969
1,41.3790526,2.1128107,151,3278.235
1,41.3790050,2.1127696,152,3284.544
1,41.3788674,2.1126513,153,3302.737
1,41.3787274,2.1125317,154,3321.228
1,41.3784582,2.1123061,155,3356.565
1,41.3784363,2.1122873,156,3359.463
1,41.3782743,2.1121480,157,3380.898
1,41.3780402,2.1119393,158,3412.201
1,41.3778735,2.1117929,159,3434.387
1,41.3778529,2.1117747,160,3437.139
1,41.3776688,2.1116125,161,3461.665
1,41.3775188,2.1114847,162,3481.454
1,41.3773232,2.1113159,163,3507.353
1,41.3771854,2.1111942,164,3525.729
1,41.3771394,2.1111540,165,3531.849
1,41.3770806,2.1111032,166,3539.635
1,41.3770473,2.1110736,167,3544.087
1,41.3769981,2.1110394,168,3550.255
1,41.3769453,2.1110007,169,3556.941
1,41.3768947,2.1109662,170,3563.264
1,41.3767890,2.1108850,171,3576.813
1,41.3767503,2.1108590,172,3581.636
1,41.3767458,2.1108558,173,3582.200
1,41.3767131,2.1108329,174,3586.308
1,41.3766772,2.1108114,175,3590.680
1,41.3766582,2.1108000,176,3592.989
1,41.3765996,2.1107629,177,3600.205
1,41.3765111,2.1107005,178,3611.327
1,41.3764571,2.1106644,179,3618.043
1,41.3763861,2.1106182,180,3626.815
1,41.3763437,2.1105898,181,3632.094
1,41.3762979,2.1105586,182,3637.802
1,41.3762634,2.1105349,183,3642.118
1,41.3762009,2.1104929,184,3649.895
1,41.3761632,2.1104687,185,3654.544
1,41.3761365,2.1104505,186,3657.875
1,41.3761019,2.1104268,187,3662.201
1,41.3760746,2.1104046,188,3665.751
1,41.3760467,2.1103791,189,3669.517
1,41.3760170,2.1103405,190,3674.127
1,41.3759905,2.1102955,191,3678.907
1,41.3759758,2.1102614,192,3682.194
1,41.3759608,2.1102161,193,3686.329
1,41.3759573,2.1101960,194,3688.054
1,41.3759524,2.1101681,195,3690.454
1,41.3759460,2.1100986,196,3696.308
1,41.3759482,2.1098887,197,3713.864
1,41.3759541,2.1096048,198,3737.610
1,41.3759578,2.1094009,199,3754.671
1,41.3759585,2.1092991,200,3763.179
1,41.3759586,2.1092913,201,3763.838
1,41.3759642,2.1089364,202,3793.525
1,41.3759681,2.1087346,203,3810.404
1,41.3759744,2.1084011,204,3838.305
1,41.3759760,2.1083155,205,3845.461
1,41.3759796,2.1081553,206,3858.869
1,41.3759839,2.1079743,207,3874.010
1,41.3759857,2.1077933,208,3889.149
1,41.3759913,2.1076281,209,3902.979
1,41.3759951,2.1075032,210,3913.431
1,41.3759978,2.1074178,211,3920.580
1,41.3760053,2.1072622,212,3933.622
1,41.3760130,2.1071244,213,3945.169
1,41.3760256,2.1069468,214,3960.089
1,41.3760455,2.1066885,215,3981.801
1,41.3760509,2.1066081,216,3988.555
1,41.3760610,2.1064591,217,4001.068
1,41.3760907,2.1060309,218,4037.022
1,41.3760973,2.1059372,219,4044.900
1,41.3761130,2.1057136,220,4063.678
1,41.3761345,2.1054093,221,4089.236
1,41.3761519,2.1051858,222,4108.028
1,41.3761637,2.1049820,223,4125.118
1,41.3761866,2.1046838,224,4150.183
1,41.3761881,2.1046609,225,4152.113
1,41.3761991,2.1044561,226,4169.277
1,41.3762114,2.1042993,227,4182.460
1,41.3762372,2.1039213,228,4214.200
1,41.3762433,2.1038307,229,4221.811
1,41.3762823,2.1032804,230,4268.036
1,41.3763018,2.1030271,231,4289.323
1,41.3763109,2.1029085,232,4299.293
1,41.3763325,2.1025882,233,4326.192
1,41.3763646,2.1021327,234,4364.446
1,41.3763691,2.1020691,235,4369.793
1,41.3764233,2.1012915,236,4435.095
1,41.3764270,2.1012382,237,4439.569
1,41.3764794,2.1004800,238,4503.241
1,41.3764894,2.1003438,239,4514.692
1,41.3765058,2.1001200,240,4533.490
1,41.3765247,2.0998245,241,4558.297
1,41.3765507,2.0995593,242,4580.662
1,41.3765572,2.0994502,243,4589.815
1,41.3765877,2.0989394,244,4632.663
1,41.3766144,2.0985551,245,4664.938
1,41.3766241,2.0984150,246,4676.701
1,41.3766274,2.0983676,247,4680.680
1,41.3766387,2.0982190,248,4693.170
1,41.3766604,2.0979185,249,4718.416
1,41.3766788,2.0976608,250,4740.061
1,41.3766817,2.0976205,251,4743.451
1,41.3767292,2.0969166,252,4802.549
1,41.3767399,2.0967662,253,4815.184
1,41.3767699,2.0963445,254,4850.609
1,41.3768003,2.0959231,255,4886.006
1,41.3768038,2.0958719,256,4890.306
1,41.3768253,2.0955538,257,4917.013
1,41.3768349,2.0954301,258,4927.417
1,41.3768398,2.0953568,259,4933.568
1,41.3768500,2.0952367,260,4943.680
1,41.3768573,2.0951311,261,4952.546
1,41.3768687,2.0949880,262,4964.582
1,41.3768695,2.0949779,263,4965.429
1,41.3768757,2.0948976,264,4972.173
1,41.3768864,2.0947413,265,4985.305
1,41.3769001,2.0945501,266,5001.365
1,41.3769046,2.0944520,267,5009.582
1,41.3769103,2.0943599,268,5017.309
1,41.3769211,2.0942216,269,5028.939
1,41.3769302,2.0940833,270,5040.551
1,41.3769309,2.0940726,271,5041.448
1,41.3769578,2.0936972,272,5072.977
1,41.3769695,2.0935337,273,5086.717
1,41.3769824,2.0933542,274,5101.792
1,41.3769923,2.0932147,275,5113.515
1,41.3769941,2.0931890,276,5115.674
1,41.3770265,2.0927243,277,5154.697
1,41.3770412,2.0925155,278,5172.237
1,41.3770445,2.0924412,279,5178.464
1,41.3770545,2.0922943,280,5190.796
1,41.3770562,2.0922701,281,5192.826
1,41.3770764,2.0920187,282,5213.973
1,41.3770928,2.0917865,283,5233.477
1,41.3771058,2.0916179,284,5247.643
1,41.3771106,2.0915437,285,5253.872
1,41.3771210,2.0914003,286,5265.918
1,41.3771408,2.0911272,287,5288.866
1,41.3771552,2.0909067,288,5307.373
1,41.3771781,2.0905936,289,5333.682
1,41.3771855,2.0905061,290,5341.040
1,41.3771936,2.0904088,291,5349.232
1,41.3771976,2.0903481,292,5354.324
1,41.3772025,2.0902769,293,5360.304
1,41.3772104,2.0901867,294,5367.896
1,41.3772210,2.0900440,295,5379.886
1,41.3772334,2.0898903,296,5392.815
1,41.3772441,2.0896990,297,5408.860
1,41.3772475,2.0896118,298,5416.162
1,41.3772480,2.0896001,299,5417.144
1,41.3772439,2.0895283,300,5423.163
1,41.3772394,2.0894701,301,5428.057
1,41.3772273,2.0893948,302,5434.494
1,41.3772146,2.0893454,303,5438.858
1,41.3771941,2.0892795,304,5444.818
1,41.3771777,2.0892322,305,5449.173
1,41.3771571,2.0891872,306,5453.579
1,41.3770869,2.0890507,307,5467.404
1,41.3770205,2.0889419,308,5479.113
1,41.3769531,2.0888281,309,5491.221
1,41.3768367,2.0886317,310,5512.117
1,41.3767605,2.0885031,311,5525.804
1,41.3765882,2.0882134,312,5556.674
1,41.3765348,2.0881236,313,5566.236
1,41.3764635,2.0880039,314,5579.000
1,41.3762470,2.0876374,315,5617.948
1,41.3761370,2.0874571,316,5637.357
1,41.3761133,2.0874227,317,5641.250
1,41.3759024,2.0871167,318,5675.937
1,41.3758595,2.0870639,319,5682.437
1,41.3757990,2.0869916,320,5691.469
1,41.3757298,2.0869160,321,5701.423
1,41.3756651,2.0868455,322,5710.716
1,41.3756255,2.0868057,323,5716.226
1,41.3755472,2.0867270,324,5727.136
1,41.3753274,2.0865082,325,5757.633
1,41.3751227,2.0863082,326,5785.849
1,41.3750842,2.0862704,327,5791.169
1,41.3747057,2.0858991,328,5843.415
1,41.3745412,2.0857380,329,5866.111
1,41.3744598,2.0856582,330,5877.349
1,41.3742415,2.0854433,331,5907.521
1,41.3740123,2.0852194,332,5939.114
1,41.3739984,2.0852054,333,5941.053
1,41.3739145,2.0851205,334,5952.768
1,41.3737113,2.0849244,335,5980.653
1,41.3734920,2.0847091,336,6010.935
1,41.3734553,2.0846732,337,6015.996
1,41.3731989,2.0844231,338,6051.321
1,41.3729128,2.0841399,339,6090.941
1,41.3729023,2.0841295,340,6092.406
1,41.3727775,2.0840086,341,6109.550
1,41.3726247,2.0838607,342,6130.548
1,41.3725464,2.0837831,343,6141.402
1,41.3723687,2.0836096,344,6165.884
1,41.3722725,2.0835156,345,6179.150
1,41.3720607,2.0833036,346,6208.596
1,41.3718275,2.0830741,347,6240.831
1,41.3715182,2.0827697,348,6283.574
1,41.3712854,2.0825401,349,6315.777
1,41.3710302,2.0822884,350,6351.078
1,41.3707430,2.0820084,351,6390.632
1,41.3707424,2.0820078,352,6390.724
1,41.3702812,2.0815561,353,6454.350
1,41.3701757,2.0814527,354,6468.914
1,41.3700325,2.0813123,355,6488.672
1,41.3699522,2.0812343,356,6499.717
1,41.3699281,2.0812109,357,6503.035
1,41.3697780,2.0810617,358,6523.857
1,41.3696536,2.0809388,359,6541.072
1,41.3696153,2.0809010,360,6546.371
1,41.3694652,2.0807577,361,6566.899
1,41.3694089,2.0807026,362,6574.664
1,41.3693184,2.0806140,363,6587.148
1,41.3692652,2.0805615,364,6594.507
1,41.3692272,2.0805250,365,6599.721
1,41.3691792,2.0804818,366,6606.155
1,41.3691180,2.0804307,367,6614.183
1,41.3690573,2.0803851,368,6621.927
1,41.3689942,2.0803366,369,6630.020
1,41.3689497,2.0803036,370,6635.676
1,41.3688995,2.0802659,371,6642.079
1,41.3688394,2.0802215,372,6649.725
1,41.3687654,2.0801653,373,6659.183
1,41.3686890,2.0801093,374,6668.876
1,41.3686441,2.0800743,375,6674.653
1,41.3685914,2.0800284,376,6681.651
1,41.3685435,2.0799822,377,6688.223
1,41.3684923,2.0799259,378,6695.606
1,41.3684381,2.0798647,379,6703.509
1,41.3683834,2.0797960,380,6711.871
1,41.3683368,2.0797346,381,6719.159
1,41.3682996,2.0796867,382,6724.911
1,41.3682093,2.0795699,383,6738.910
1,41.3681763,2.0795275,384,6744.007
1,41.3681480,2.0794935,385,6748.252
1,41.3680609,2.0793862,386,6761.438
1,41.3680092,2.0793303,387,6768.844
1,41.3679084,2.0792323,388,6782.716
1,41.3678126,2.0791382,389,6795.948
1,41.3676849,2.0790070,390,6813.877
1,41.3676782,2.0790002,391,6814.808
1,41.3676112,2.0789370,392,6823.936
1,41.3675256,2.0788524,393,6835.784
1,41.3674604,2.0787866,394,6844.877
1,41.3672890,2.0786190,395,6868.511
1,41.3671924,2.0785235,396,6881.881
1,41.3671422,2.0784739,397,6888.828
1,41.3670956,2.0784279,398,6895.282
1,41.3668010,2.0781383,399,6935.986
1,41.3665997,2.0779407,400,6963.780
1,41.3665887,2.0779300,401,6965.296
1,41.3663015,2.0776491,402,7004.902
1,41.3662111,2.0775630,403,7017.249
1,41.3660555,2.0774103,404,7038.731
1,41.3657719,2.0771321,405,7077.889
1,41.3655142,2.0768749,406,7113.684
1,41.3654806,2.0768413,407,7118.357
1,41.3653224,2.0766875,408,7140.129
1,41.3651767,2.0765459,409,7160.173
1,41.3649700,2.0763446,410,7188.637
1,41.3648034,2.0761824,411,7211.570
1,41.3646404,2.0760175,412,7234.326
1,41.3644431,2.0758290,413,7261.318
1,41.3644267,2.0758128,414,7263.590
1,41.3642512,2.0756393,415,7287.881
1,41.3641210,2.0755122,416,7305.830
1,41.3638837,2.0752803,417,7338.544
1,41.3638077,2.0752061,418,7349.016
1,41.3636569,2.0750534,419,7370.080
1,41.3633815,2.0747831,420,7408.104
1,41.3633423,2.0747449,421,7413.500
1,41.3631834,2.0745900,422,7435.391
1,41.3630965,2.0745076,423,7447.244
1,41.3627989,2.0742132,424,7488.456
1,41.3624010,2.0738198,425,7543.538
1,41.3622581,2.0736806,426,7563.218
1,41.3622567,2.0736793,427,7563.413
1,41.3619999,2.0734285,428,7598.806
1,41.3618354,2.0732697,429,7621.387
1,41.3617132,2.0731478,430,7638.369
1,41.3616480,2.0730827,431,7647.424
1,41.3615886,2.0730294,432,7655.380
1,41.3612421,2.0726884,433,7703.277
1,41.3611995,2.0726465,434,7709.165
1,41.3611694,2.0726168,435,7713.326
1,41.3610428,2.0724921,436,7730.824
1,41.3609979,2.0724490,437,7736.980
1,41.3606271,2.0720830,438,7788.285
1,41.3605374,2.0719944,439,7800.697
1,41.3602202,2.0716822,440,7844.542
1,41.3600905,2.0715661,441,7861.910
1,41.3600804,2.0715575,442,7863.241
1,41.3600056,2.0714939,443,7873.104
1,41.3598878,2.0714029,444,7888.235
1,41.3598423,2.0713668,445,7894.123
1,41.3597252,2.0712861,446,7908.763
1,41.3596582,2.0712398,447,7917.154
1,41.3594856,2.0711370,448,7938.163
1,41.3594212,2.0710987,449,7945.996
1,41.3593480,2.0710598,450,7954.748
1,41.3592119,2.0709936,451,7970.838
1,41.3588531,2.0708267,452,8013.057
1,41.3583397,2.0705880,453,8073.449
1,41.3582412,2.0705455,454,8084.947
1,41.3582156,2.0705343,455,8087.947
1,41.3581783,2.0705180,456,8092.299
1,41.3581467,2.0705062,457,8095.948
1,41.3580774,2.0704732,458,8104.125
1,41.3577922,2.0703267,459,8138.073
1,41.3576666,2.0702320,460,8154.112
1,41.3576120,2.0701910,461,8161.078
1,41.3575997,2.0701773,462,8162.855
1,41.3574846,2.0700498,463,8179.508
1,41.3573700,2.0698849,464,8198.274
1,41.3572547,2.0696600,465,8221.024
1,41.3571653,2.0694971,466,8237.882
1,41.3570323,2.0692549,467,8262.957
1,41.3569947,2.0691716,468,8271.082
1,41.3569383,2.0690482,469,8283.150
1,41.3569103,2.0689724,470,8290.214
1,41.3568891,2.0688999,471,8296.717
1,41.3568716,2.0688255,472,8303.238
1,41.3568588,2.0687533,473,8309.440
1,41.3568535,2.0687118,474,8312.964
1,41.3568451,2.0686450,475,8318.629
1,41.3568381,2.0685397,476,8327.476
1,41.3568305,2.0684406,477,8335.807
1,41.3568241,2.0683629,478,8342.345
1,41.3568177,2.0682867,479,8348.761
1,41.3568083,2.0682098,480,8355.274
1,41.3567969,2.0681460,481,8360.763
1,41.3567838,2.0680820,482,8366.307
1,41.3567669,2.0680154,483,8372.187
1,41.3567366,2.0679164,484,8381.125
1,41.3567107,2.0678421,485,8387.970
1,41.3567102,2.0678408,486,8388.096
1,41.3566664,2.0677344,487,8398.238
1,41.3566209,2.0676238,488,8408.777
1,41.3565818,2.0675247,489,8418.137
1,41.3565407,2.0674269,490,8427.504
1,41.3565089,2.0673425,491,8435.394
1,41.3563914,2.0670493,492,8463.180
1,41.3563487,2.0669428,493,8473.273
1,41.3563322,2.0668962,494,8477.573
1,41.3563151,2.0668358,495,8482.979
1,41.3563066,2.0667580,496,8489.555
1,41.3563062,2.0666936,497,8494.935
1,41.3563114,2.0666330,498,8500.044
1,41.3563246,2.0665701,499,8505.505
1,41.3563390,2.0665180,500,8510.143
1,41.3563581,2.0664747,501,8514.348
1,41.3563772,2.0664396,502,8517.963
1,41.3564003,2.0663999,503,8522.162
1,41.3564362,2.0663578,504,8527.481
1,41.3564711,2.0663220,505,8532.383
1,41.3565148,2.0662824,506,8538.257
1,41.3565773,2.0662258,507,8546.657
1,41.3566827,2.0661292,508,8560.870
1,41.3570286,2.0658121,509,8607.548
1,41.3570549,2.0657857,510,8611.215
1,41.3570697,2.0657720,511,8613.212
1,41.3572765,2.0655809,512,8641.184
1,41.3575122,2.0653423,513,8674.101
1,41.3576111,2.0652370,514,8688.176
1,41.3577336,2.0651064,515,8705.624
1,41.3578029,2.0650285,516,8715.707
1,41.3581378,2.0646657,517,8763.700
1,41.3582124,2.0645895,518,8774.155
1,41.3584577,2.0643283,519,8809.063
1,41.3586616,2.0641002,520,8838.674
1,41.3586964,2.0640612,521,8843.736
1,41.3588104,2.0639362,522,8860.148
1,41.3589484,2.0637838,523,8880.083
1,41.3591828,2.0635304,524,8913.649
1,41.3592643,2.0634423,525,8925.316
1,41.3593600,2.0633389,526,8939.010
1,41.3597060,2.0629637,527,8988.623
1,41.3599847,2.0626615,528,9028.575
1,41.3600695,2.0625718,529,9040.612
1,41.3601396,2.0624951,530,9050.703
1,41.3602051,2.0624248,531,9060.050
1,41.3602298,2.0623980,532,9063.595
1,41.3603119,2.0623085,533,9075.395
1,41.3603520,2.0622655,534,9081.116
1,41.3604286,2.0621835,535,9092.045
1,41.3605296,2.0620705,536,9106.708
1,41.3605691,2.0620288,537,9112.312
1,41.3606203,2.0619705,538,9119.803
1,41.3606747,2.0619112,539,9127.617
1,41.3607508,2.0618280,540,9138.568
1,41.3611920,2.0613460,541,9202.002
1,41.3612726,2.0612589,542,9213.541
1,41.3617267,2.0607679,543,9278.573
1,41.3617959,2.0606925,544,9288.512
1,41.3619123,2.0605658,545,9305.226
1,41.3619853,2.0604882,546,9315.607
1,41.3621750,2.0602864,547,9342.594
1,41.3626523,2.0597696,548,9410.993
1,41.3627176,2.0596971,549,9420.433
1,41.3628681,2.0595324,550,9442.100
1,41.3630651,2.0593178,551,9470.387
1,41.3631728,2.0591986,552,9485.964
1,41.3632319,2.0591333,553,9494.494
1,41.3633172,2.0590365,554,9506.960
1,41.3634292,2.0589033,555,9523.651
1,41.3634797,2.0588388,556,9531.436
1,41.3636009,2.0586836,557,9550.128
1,41.3636205,2.0586588,558,9553.137
1,41.3636388,2.0586365,559,9555.891
1,41.3636567,2.0586173,560,9558.452
1,41.3636745,2.0585990,561,9560.946
1,41.3636827,2.0585906,562,9562.100
1,41.3637045,2.0585717,563,9564.987
1,41.3637301,2.0585525,564,9568.255
1,41.3637564,2.0585384,565,9571.402
1,41.3637847,2.0585281,566,9574.669
1,41.3638077,2.0585230,567,9577.251
1,41.3638288,2.0585197,568,9579.608
1,41.3638501,2.0585201,569,9581.981
1,41.3638774,2.0585233,570,9585.018
1,41.3639135,2.0585326,571,9589.100
1,41.3639359,2.0585398,572,9591.662
1,41.3639709,2.0585533,573,9595.708
1,41.3642903,2.0586621,574,9632.317
1,41.3643208,2.0586768,575,9635.922
1,41.3643633,2.0587028,576,9641.118
1,41.3644053,2.0587363,577,9646.550
1,41.3645134,2.0588159,578,9660.279
1,41.3646176,2.0588926,579,9673.509
1,41.3646841,2.0589425,580,9681.989
1,41.3647680,2.0590053,581,9692.685
1,41.3649381,2.0591291,582,9714.225
1,41.3650224,2.0591916,583,9724.947
1,41.3651026,2.0592505,584,9735.122
1,41.3651619,2.0592923,585,9742.572
1,41.3653568,2.0594456,586,9767.724
1,41.3654297,2.0595104,587,9777.463
1,41.3655029,2.0595756,588,9787.257
1,41.3658503,2.0599019,589,9834.501
1,41.3659830,2.0600235,590,9852.408
1,41.3660442,2.0600794,591,9860.653
1,41.3662071,2.0602426,592,9883.312
1,41.3662463,2.0602783,593,9888.594
1,41.3663006,2.0603348,594,9896.249
1,41.3663899,2.0604306,595,9909.000
1,41.3664405,2.0604858,596,9916.271
1,41.3664925,2.0605450,597,9923.872
1,41.3665164,2.0605720,598,9927.367
1,41.3666137,2.0606819,599,9941.549
1,41.3667104,2.0607944,600,9955.826
1,41.3668074,2.0609220,601,9970.983
1,41.3668404,2.0609666,602,9976.207
1,41.3669371,2.0610987,603,9991.613
1,41.3669782,2.0611591,604,9998.422
1,41.3670001,2.0611960,605,10002.356
1,41.3670133,2.0612181,606,10004.710
1,41.3670772,2.0613412,607,10017.217
1,41.3671109,2.0614076,608,10023.909
1,41.3671406,2.0614745,609,10030.410
1,41.3673382,2.0619038,610,10072.488
1,41.3673612,2.0619542,611,10077.411
1,41.3673997,2.0620376,612,10085.590
1,41.3674489,2.0621413,613,10095.841
1,41.3675049,2.0622640,614,10107.845
1,41.3675493,2.0623601,615,10117.273
1,41.3675785,2.0624293,616,10123.906
1,41.3676051,2.0624997,617,10130.495
1,41.3676405,2.0625945,618,10139.339
1,41.3676617,2.0626590,619,10145.229
1,41.3676848,2.0627340,620,10152.004
1,41.3676866,2.0627396,621,10152.514
1,41.3677074,2.0628040,622,10158.372
1,41.3677337,2.0628862,623,10165.844
1,41.3677469,2.0629379,624,10170.407
1,41.3677565,2.0629714,625,10173.411
1,41.3677689,2.0630141,626,10177.231
1,41.3677946,2.0631096,627,10185.719
1,41.3678151,2.0631867,628,10192.555
1,41.3678485,2.0633255,629,10204.745
1,41.3678778,2.0634491,630,10215.584
1,41.3679002,2.0635463,631,10224.080
1,41.3679076,2.0635687,632,10226.125
1,41.3679128,2.0635851,633,10227.617
1,41.3679176,2.0636001,634,10228.979
1,41.3679675,2.0637367,635,10241.676
1,41.3679914,2.0638027,636,10247.799
1,41.3680030,2.0638422,637,10251.346
1,41.3680070,2.0638605,638,10252.941
1,41.3680159,2.0638988,639,10256.297
1,41.3680205,2.0639564,640,10261.139
1,41.3680273,2.0640270,641,10267.096
1,41.3680403,2.0641904,642,10280.834
1,41.3680473,2.0642989,643,10289.939
1,41.3680484,2.0643380,644,10293.218
1,41.3680519,2.0644610,645,10303.507
1,41.3680528,2.0645852,646,10313.896
1,41.3680482,2.0647474,647,10327.469
1,41.3680389,2.0649201,648,10341.952
1,41.3680245,2.0650817,649,10355.565
1,41.3680112,2.0652233,650,10367.500
1,41.3680104,2.0652334,651,10368.352
1,41.3680067,2.0652816,652,10372.402
1,41.3679848,2.0655014,653,10390.942
1,41.3679641,2.0657422,654,10411.213
1,41.3679517,2.0660080,655,10433.490
1,41.3679499,2.0661275,656,10443.485
1,41.3679484,2.0662217,657,10451.366
1,41.3679507,2.0664382,658,10469.472
1,41.3679503,2.0665095,659,10475.442
1,41.3679612,2.0668296,660,10502.241
1,41.3679732,2.0670111,661,10517.480
1,41.3679745,2.0670246,662,10518.619
1,41.3679932,2.0672267,663,10535.643
1,41.3680141,2.0674468,664,10554.197
1,41.3680371,2.0676727,665,10573.266
1,41.3680615,2.0679155,666,10593.750
1,41.3680766,2.0680665,667,10606.498
1,41.3681080,2.0683654,668,10631.739
1,41.3681360,2.0686383,669,10654.770
1,41.3681525,2.0688056,670,10668.880
1,41.3681637,2.0689199,671,10678.519
1,41.3681811,2.0690880,672,10692.712
1,41.3681969,2.0692455,673,10706.006
1,41.3682116,2.0693936,674,10718.503
1,41.3682267,2.0695364,675,10730.561
1,41.3682422,2.0696959,676,10744.011
1,41.3682427,2.0697018,677,10744.505
1,41.3682518,2.0697965,678,10752.492
1,41.3682642,2.0699209,679,10762.989
1,41.3682726,2.0700006,680,10769.721
1,41.3682813,2.0700748,681,10775.995
1,41.3682900,2.0701421,682,10781.706
1,41.3683079,2.0702371,683,10789.899
1,41.3683211,2.0702968,684,10795.107
1,41.3683400,2.0703701,685,10801.581
1,41.3683530,2.0704205,686,10806.035
1,41.3683701,2.0704725,687,10810.787
1,41.3683839,2.0705151,688,10814.659
1,41.3684004,2.0705638,689,10819.127
1,41.3685051,2.0708739,690,10847.546
1,41.3685429,2.0709891,691,10858.060
1,41.3685977,2.0711514,692,10872.937
1,41.3686157,2.0712056,693,10877.887
1,41.3686645,2.0713529,694,10891.348
1,41.3686756,2.0713853,695,10894.323
1,41.3687022,2.0714632,696,10901.474
1,41.3687955,2.0717509,697,10927.673
1,41.3688242,2.0718306,698,10935.060
1,41.3688510,2.0718996,699,10941.556
1,41.3688867,2.0719838,700,10949.637
1,41.3689439,2.0721080,701,10961.813
1,41.3689813,2.0721839,702,10969.398
1,41.3689919,2.0722055,703,10971.554
1,41.3690386,2.0722985,704,10980.902
1,41.3690637,2.0723527,705,10986.223
1,41.3690839,2.0724106,706,10991.561
1,41.3691448,2.0725935,707,11008.288
1,41.3691967,2.0727485,708,11022.467
1,41.3692233,2.0728281,709,11029.753
1,41.3692660,2.0729567,710,11041.510
1,41.3693878,2.0733231,711,11075.005
1,41.3694465,2.0734954,712,11090.818
1,41.3694716,2.0735687,713,11097.553
1,41.3695245,2.0737232,714,11111.746
1,41.3695651,2.0738387,715,11122.410
1,41.3696364,2.0740338,716,11140.545
1,41.3697109,2.0742282,717,11158.790
1,41.3697699,2.0743740,718,11172.631
1,41.3698471,2.0745651,719,11190.769
1,41.3699684,2.0748468,720,11217.906
1,41.3700510,2.0750318,721,11235.887
1,41.3701062,2.0751524,722,11247.693
1,41.3701191,2.0751806,723,11250.455
1,41.3701681,2.0752873,724,11260.898
1,41.3702426,2.0754300,725,11275.420
1,41.3702822,2.0754988,726,11282.667
1,41.3703555,2.0756096,727,11294.997
1,41.3704103,2.0756817,728,11303.558
1,41.3704764,2.0757677,729,11313.840
1,41.3705180,2.0758164,730,11319.995
1,41.3705366,2.0758374,731,11322.707
1,41.3705444,2.0758463,732,11323.849
1,41.3705894,2.0758951,733,11330.297
1,41.3706381,2.0759418,734,11336.969
1,41.3706747,2.0759775,735,11342.013
1,41.3707164,2.0760155,736,11347.632
1,41.3707588,2.0760527,737,11353.269
1,41.3707974,2.0760827,738,11358.241
1,41.3708365,2.0761126,739,11363.250
1,41.3708999,2.0761573,740,11371.212
1,41.3710058,2.0762220,741,11384.163
