shape_id,shape_pt_lat,shape_pt_lon,shape_pt_sequence
51_RT2,41.1112876,1.2533785,1
51_RT2,41.1099879,1.2513513,2
51_RT2,41.1097842,1.2508026,3
51_RT2,41.1096742,1.2503,4
51_RT2,41.1096386,1.2497789,5
51_RT2,41.1096614,1.2493833,6
51_RT2,41.1097037,1.2490729,7
51_RT2,41.1098635,1.2483439,8
51_RT2,41.1106685,1.2433089,9
51_RT2,41.1106716,1.2404457,10
51_RT2,41.1032204,1.1619488,11
51_RT2,41.102866,1.1600808,12
51_RT2,41.1021818,1.15781,13
51_RT2,41.100972,1.1551419,14
51_RT2,41.0998147,1.1533428,15
51_RT2,41.0988168,1.152146,16
51_RT2,41.096404,1.1501369,17
51_RT2,41.094636,1.1491423,18
51_RT2,41.0884798,1.146052,19
51_RT2_INV,41.0884798,1.146052,1
51_RT2_INV,41.094636,1.1491423,2
51_RT2_INV,41.096404,1.1501369,3
51_RT2_INV,41.0988168,1.152146,4
51_RT2_INV,41.0998147,1.1533428,5
51_RT2_INV,41.100972,1.1551419,6
51_RT2_INV,41.1021818,1.15781,7
51_RT2_INV,41.102866,1.1600808,8
51_RT2_INV,41.1032204,1.1619488,9
51_RT2_INV,41.1106716,1.2404457,10
51_RT2_INV,41.1106685,1.2433089,11
51_RT2_INV,41.1098635,1.2483439,12
51_RT2_INV,41.1097037,1.2490729,13
51_RT2_INV,41.1096614,1.2493833,14
51_RT2_INV,41.1096386,1.2497789,15
51_RT2_INV,41.1096742,1.2503,16
51_RT2_INV,41.1097842,1.2508026,17
51_RT2_INV,41.1099879,1.2513513,18
51_RT2_INV,41.1112876,1.2533785,19
