shape_id,shape_pt_lat,shape_pt_lon,shape_pt_sequence
51_R13,41.3842029,2.1855647,1
51_R13,41.3906125,2.1937198,26
51_R13,41.4009317,2.1874225,51
51_R13,41.3789355,2.1401099,76
51_R13,41.3673764,2.1185806,101
51_R13,41.3399829,2.1136961,126
51_R13,41.303294,2.0108031,151
51_R13,41.2636641,1.9329779,176
51_R13,41.2475778,1.8835002,201
51_R13,41.2361346,1.8338995,226
51_R13,41.2390119,1.8029564,251
51_R13,41.2199847,1.7556799,276
51_R13,41.2180825,1.7239706,301
51_R13,41.2076482,1.6922044,326
51_R13,41.182317,1.4974058,351
51_R13,41.1846052,1.4446407,376
51_R13,41.1882599,1.3926762,401
51_R13,41.1988977,1.3795588,426
51_R13,41.2245788,1.3756441,451
51_R13,41.2282436,1.3580276,476
51_R13,41.2411588,1.3377926,501
51_R13,41.2490363,1.2986343,526
51_R13,41.2761345,1.2837904,551
51_R13,41.2971719,1.2232362,576
51_R13,41.2997103,1.2050168,601
51_R13,41.3078347,1.1922832,626
51_R13,41.3152768,1.1803314,651
51_R13,41.3230978,1.1818256,676
51_R13,41.3475518,1.1800975,701
51_R13,41.3703031,1.1719064,726
51_R13,41.3916038,1.1507442,751
51_R13,41.3978803,1.1234955,776
51_R13,41.4013252,1.1014214,801
51_R13,41.4002768,1.0601665,826
51_R13,41.4121862,1.0127818,851
51_R13,41.4125476,0.9854659,876
51_R13,41.4259847,0.9707208,901
51_R13,41.4399015,0.9747555,926
51_R13,41.4582912,0.9780862,951
51_R13,41.4779759,0.9529409,976
51_R13,41.4971083,0.9452084,1001
51_R13,41.5016582,0.9271693,1026
51_R13,41.5141733,0.8997827,1051
51_R13,41.5370352,0.838795,1076
51_R13,41.5507146,0.7952044,1101
51_R13,41.5722151,0.7046997,1126
51_R13,41.6089971,0.6495252,1151
51_R13,41.6206128,0.6337229,1175
51_R3,41.3636149,2.102185,1
51_R3,41.3686927,2.127559,26
51_R3,41.3870071,2.1582766,51
51_R3,41.3956828,2.185483,76
51_R3,41.4501305,2.1884057,101
51_R3,41.4664011,2.1783432,126
51_R3,41.4767472,2.1863171,151
51_R3,41.4949051,2.1814826,176
51_R3,41.5310834,2.2055239,201
51_R3,41.552981,2.2196863,226
51_R3,41.5808523,2.2709318,251
51_R3,41.6271273,2.2940422,276
51_R3,41.6580926,2.2953072,301
51_R3,41.6821712,2.2888175,326
51_R3,41.7068134,2.2813281,351
51_R3,41.7271716,2.2707783,376
51_R3,41.7402628,2.2630929,401
51_R3,41.7490078,2.2585608,426
51_R3,41.758843,2.2486102,451
51_R3,41.7773066,2.2448466,476
51_R3,41.789961,2.2339644,501
51_R3,41.8020342,2.2220787,526
51_R3,41.8148316,2.2334919,551
51_R3,41.837116,2.2444518,576
51_R3,41.8528715,2.26394,601
51_R3,41.8661218,2.2583711,626
51_R3,41.8975254,2.253108,651
51_R3,41.9249351,2.2482232,676
51_R3,41.9505806,2.2479262,701
51_R3,41.9860618,2.2712618,726
51_R3,42.0127636,2.2706619,751
51_R3,42.0340157,2.2790964,776
51_R3,42.0498364,2.272704,801
51_R3,42.0531944,2.2661653,826
51_R3,42.0553153,2.2541294,851
51_R3,42.0652104,2.2498684,876
51_R3,42.067563,2.2403564,901
51_R3,42.0774682,2.243956,926
51_R3,42.088112,2.2277999,951
51_R3,42.1026232,2.2183621,976
51_R3,42.1170765,2.2034564,1001
51_R3,42.1259103,2.2059445,1026
51_R3,42.1362116,2.2107377,1051
51_R3,42.1476904,2.2075539,1076
51_R3,42.1551786,2.2089058,1101
51_R3,42.1637988,2.208222,1126
51_R3,42.1722316,2.1962611,1151
51_R3,42.1823572,2.1984059,1176
51_R3,42.1984964,2.1882275,1201
51_R3,42.2231261,2.1655363,1226
51_R3,42.2380772,2.1654133,1251
51_R3,42.2483484,2.1630634,1276
51_R3,42.2622309,2.1631435,1301
51_R3,42.273511,2.1604436,1326
51_R3,42.2838802,2.1586389,1351
51_R3,42.2938903,2.1616584,1376
51_R3,42.3064032,2.1654356,1401
51_R3,42.3107811,2.1490021,1426
51_R3,42.3096259,2.1362587,1451
51_R3,42.3134561,2.1222345,1476
51_R3,42.3160337,2.0967151,1501
51_R3,42.322446,2.0728744,1526
51_R3,42.3253081,2.0598841,1551
51_R3,42.3226671,2.0459613,1576
51_R3,42.3224379,2.0229726,1601
51_R3,42.3420433,1.9668901,1626
51_R3,42.3479607,1.947463,1651
51_R3,42.3531133,1.9298337,1676
51_R3,42.362287,1.9180124,1701
51_R3,42.3698711,1.9038736,1726
51_R3,42.3831314,1.8963837,1751
51_R3,42.3913714,1.9031281,1776
51_R3,42.4004657,1.9162597,1801
51_R3,42.4270959,1.9267738,1826
51_R3,42.4589095,1.9043203,1846
