service_id,monday,tuesday,wednesday,thursday,friday,saturday,sunday,start_date,end_date
2026-10-102026-10-10001903,1,1,1,1,1,1,1,20261010,20261010
2026-10-102026-10-10001904,1,1,1,1,1,1,1,20261010,20261010
2026-10-102026-11-03006221,1,1,1,1,1,1,1,20261010,20261103
2026-10-102026-11-03006222,1,1,1,1,1,1,1,20261010,20261103
2026-10-102026-11-03006223,1,1,1,1,1,1,1,20261010,20261103
2026-10-102026-11-03006224,1,1,1,1,1,1,1,20261010,20261103
2026-10-102026-11-03006225,1,1,1,1,1,1,1,20261010,20261103
2026-10-102026-11-03006226,1,1,1,1,1,1,1,20261010,20261103
2026-10-092026-11-03010721,1,1,1,1,1,1,1,20261009,20261103
2026-10-092026-10-11050951,1,1,1,1,1,1,1,20261009,20261011
2026-10-092026-11-03152101,1,1,1,1,1,1,1,20261009,20261103
2026-10-092026-11-03173071,1,1,1,1,1,1,1,20261009,20261103
2026-10-092026-11-03173073,1,1,1,1,1,1,1,20261009,20261103
2026-10-092026-11-03173074,1,1,1,1,1,1,1,20261009,20261103
2026-10-092026-10-31180301,1,1,1,1,1,1,1,20261009,20261031
2026-10-092026-10-31180302,1,1,1,1,1,1,1,20261009,20261031
2026-10-092026-10-31180303,1,1,1,1,1,1,1,20261009,20261031
2026-10-092026-10-31180304,1,1,1,1,1,1,1,20261009,20261031
2026-10-092026-11-03383041,1,1,1,1,1,1,1,20261009,20261103
